Adaptive ES (ackley) [6.15228647e-16 5.22452451e-16 6.36878290e-16 6.61830793e-16
 4.58407000e-16 7.35183334e-16 4.61754809e-16 3.78147534e-16
 4.40317458e-16 6.71653713e-16]
Self-Adaptive ES (ackley) [2.71626790e+01 8.65720592e-06 7.39707208e-06 9.22601639e-06
 2.81389699e+01 9.44939353e-06 8.17784515e-06 8.41953125e-06
 4.63177814e+03 5.11293345e+03]
DE (ackley) [1.13811881e-21 1.56114174e-21 9.46054932e-22 1.18781043e-21
 1.20442049e-21 9.61647690e-22 8.66956820e-22 9.22753092e-22
 1.14357298e-21 1.24308600e-21]
PSO (ackley) [8.82092339e+00 3.19639410e+00 1.02502494e+07 4.12064690e+00
 2.04649372e-12 2.27804949e+00 5.86565810e+00 2.12553296e+01
 3.19639408e+00 3.19639409e+00]
-------------------------------
Adaptive ES (rastrigin) [49.26337121 45.8331565  45.62029248 51.27927054 45.41052166 46.66566188
 40.65146618 39.09324559 56.73955842 58.42477654]
Self-Adaptive ES (rastrigin) [118.79563008 118.79214794 118.79385075 118.77922759 118.82190676
 118.78407101 118.79068279 123.7328194  123.75219169 118.79721037]
DE (rastrigin) [5.37296988e-16 3.29273975e-16 3.56811365e-16 3.01610818e-16
 3.36018471e-16 5.78707089e-16 4.07721774e-16 4.51883972e-16
 5.07166166e-16 5.17754669e-16]
PSO (rastrigin) [ 94.04350893 109.88153962 133.63998304  87.1140545  126.71073029
 147.49778345 127.6999984  105.92235662 126.71024064 188.08493076]
-------------------------------
Adaptive ES (schwefel) [660184.75654345 754496.86415802 895965.02635846 801652.91802912
 848808.97282627 895965.02582009 848808.972156   754496.86318981
 833664.77969756 895965.02432809]
Self-Adaptive ES (schwefel) [ 801653.88948585  943121.8046983  1084589.36733462  754496.19374193
 1259793.63269546 1022287.7655164   895963.81241623  912832.44090589
 1118322.77593251  833665.27364046]
DE (schwefel) [6.49225096e-08 6.51772027e-08 6.47979979e-08 6.42223085e-08
 6.55505639e-08 6.38022953e-08 6.56614639e-08 6.46907971e-08
 6.50148127e-08 6.41286013e-08]
PSO (schwefel) [5569372.73071877 5978192.42056118 6994975.07125068 5797148.37779009
 8847402.18679213 6569133.49047713 4522517.39868681 6474790.61658034
 3979049.47089883 6521977.43455541]
-------------------------------
Adaptive ES (quadratic) [8.75637766e-18 1.05419799e-17 9.59245351e-18 1.06443547e-17
 8.33168399e-18 1.00094970e-17 9.86905768e-18 9.79164335e-18
 9.79357318e-18 9.25254076e-18]
Self-Adaptive ES (quadratic) [8.31775705e-06 8.98277306e-06 8.53315039e-06 6.70857441e-06
 8.77711586e-06 8.01214478e-06 7.87374172e-06 6.81795331e-06
 7.40088144e-06 6.75373261e-06]
DE (quadratic) [4.73259960e-23 3.98429496e-23 3.61997785e-23 3.45309850e-23
 3.47594751e-23 3.72834862e-23 3.38710696e-23 2.40574853e-23
 3.60837446e-23 3.74621921e-23]
PSO (quadratic) [3.26072870e-16 6.66320374e-16 2.16071320e-15 5.07585116e-16
 3.27646035e-15 1.70865664e-16 2.16308870e-14 8.27092998e-17
 1.11622239e-15 7.27266473e-16]
